%YAML:1.0
---
frameCount: 25
T1_0: !!opencv-matrix
   rows: 4
   cols: 4
   dt: d
   data: [ -2.7515731667614041e-01, -9.2169195866493481e-01,
       2.7344539566791431e-01, 1.1357869435821805e-01,
       -1.8594041172417236e-01, -2.2803498844889614e-01,
       -9.5573333484343681e-01, -6.4321583513947589e-01,
       9.4324684699575401e-01, -3.1382156932803051e-01,
       -1.0863428674714393e-01, 5.2432034630509028e-01, 0., 0., 0., 1. ]
T2_0: !!opencv-matrix
   rows: 4
   cols: 4
   dt: d
   data: [ 9.9686188819142107e-01, 5.6543443746937871e-02,
       5.5400494949702929e-02, -1.1061988785704104e-01,
       4.9987180910478046e-02, -9.9230070075526811e-01,
       1.1331637580344228e-01, 3.7969683149812417e-02,
       6.1381248081627725e-02, -1.1019146178284728e-01,
       -9.9201319756044626e-01, 5.5584637449523167e-01, 0., 0., 0., 1. ]
T1_1: !!opencv-matrix
   rows: 4
   cols: 4
   dt: d
   data: [ -4.0451928568323359e-01, -8.7266274372592778e-01,
       2.7353954599483804e-01, 1.1548184679440066e-01,
       -2.1694846391378347e-01, -1.9899753566321865e-01,
       -9.5568475179078582e-01, -6.4225081031969689e-01,
       8.8842417319418798e-01, -4.4593689745602089e-01,
       -1.0882450078691885e-01, 5.2040125665203651e-01, 0., 0., 0., 1. ]
T2_1: !!opencv-matrix
   rows: 4
   cols: 4
   dt: d
   data: [ 9.9391805309125614e-01, -8.8258626156222417e-02,
       6.5858322543956391e-02, -1.2204952416342341e-01,
       -9.5714892797735443e-02, -9.8811143581644634e-01,
       1.2030980718743919e-01, 5.4771682479219264e-02,
       5.4456983353887996e-02, -1.2588171160965742e-01,
       -9.9054945946490602e-01, 5.5588067863414925e-01, 0., 0., 0., 1. ]
T1_2: !!opencv-matrix
   rows: 4
   cols: 4
   dt: d
   data: [ -5.1057356453532454e-01, -8.1511016584627294e-01,
       2.7369700899307298e-01, 1.1767409699678889e-01,
       -2.4030563008050648e-01, -1.7035708986147269e-01,
       -9.5563155352130402e-01, -6.4135294220569561e-01,
       8.2557122003453065e-01, -5.5369114086103233e-01,
       -1.0889573537427821e-01, 5.1715622247862947e-01, 0., 0., 0., 1. ]
T2_2: !!opencv-matrix
   rows: 4
   cols: 4
   dt: d
   data: [ 9.7491260778409694e-01, -2.1220713569958033e-01,
       6.7182875361149599e-02, -1.2985637282553250e-01,
       -2.1935238767137410e-01, -9.6721090158740131e-01,
       1.2801406904459167e-01, 7.0606521066437014e-02,
       3.7814510528090400e-02, -1.3953925400641276e-01,
       -9.8949424424038701e-01, 5.5675296103452632e-01, 0., 0., 0., 1. ]
T1_3: !!opencv-matrix
   rows: 4
   cols: 4
   dt: d
   data: [ -4.2956535534598256e-01, -8.8892312310384258e-01,
       1.5902605666302200e-01, 4.0774152840694036e-02,
       -1.6724831022940384e-01, -9.4739922412808819e-02,
       -9.8135230668023832e-01, -6.5114599371980098e-01,
       8.8741287358922682e-01, -4.4815179159803220e-01,
       -1.0797390182625277e-01, 5.2062205948916696e-01, 0., 0., 0., 1. ]
T2_3: !!opencv-matrix
   rows: 4
   cols: 4
   dt: d
   data: [ 9.9317742790950314e-01, -1.0409287714046535e-01,
       -5.2566811009272310e-02, -2.0380052657798378e-01,
       -9.7508309889082531e-02, -9.8854180560027083e-01,
       1.1522685486956087e-01, 5.1383988549737546e-02,
       -6.3958785116973671e-02, -1.0931501044767906e-01,
       -9.9194732838855137e-01, 5.7116864898118747e-01, 0., 0., 0., 1. ]
T1_4: !!opencv-matrix
   rows: 4
   cols: 4
   dt: d
   data: [ -3.0159958707601597e-01, -9.4001645594644001e-01,
       1.5939495483066873e-01, 3.9077494177960560e-02,
       -1.5437259449085083e-01, -1.1682845907154005e-01,
       -9.8108114507472455e-01, -6.5201691635071002e-01,
       9.4085428794566250e-01, -3.2049988096856402e-01,
       -1.0987736415384308e-01, 5.2407806219252817e-01, 0., 0., 0., 1. ]
T2_4: !!opencv-matrix
   rows: 4
   cols: 4
   dt: d
   data: [ 9.9833512823521431e-01, 3.7385291987976098e-02,
       -4.3923930545345900e-02, -1.9278240761350660e-01,
       4.2068955864392403e-02, -9.9292286237655381e-01,
       1.1106030939282988e-01, 3.5634348799674982e-02,
       -3.9461052748987889e-02, -1.1272324211503615e-01,
       -9.9284253333699224e-01, 5.6831667374400374e-01, 0., 0., 0., 1. ]
T1_5: !!opencv-matrix
   rows: 4
   cols: 4
   dt: d
   data: [ -1.7453884046523727e-01, -9.7165887805436379e-01,
       1.5942151005176536e-01, 3.7988778642280334e-02,
       -1.4041842483623318e-01, -1.3568980917675455e-01,
       -9.8075019329699198e-01, -6.5307204184630607e-01,
       9.7458650674814984e-01, -1.9356471885059695e-01,
       -1.1275566717787544e-01, 5.2708545312468114e-01, 0., 0., 0., 1. ]
T2_5: !!opencv-matrix
   rows: 4
   cols: 4
   dt: d
   data: [ 9.8413462930137685e-01, 1.6995937310582321e-01,
       -5.0919965664925702e-02, -1.8027946952998367e-01,
       1.7474718911878812e-01, -9.7817283147347611e-01,
       1.1243367672652563e-01, 2.2717986933076969e-02,
       -3.0699369780569481e-02, -1.1954799563622109e-01,
       -9.9235367960946153e-01, 5.6665588909149178e-01, 0., 0., 0., 1. ]
T1_6: !!opencv-matrix
   rows: 4
   cols: 4
   dt: d
   data: [ -2.7694535235527290e-01, -9.4223785444723607e-01,
       1.8838550224335970e-01, 2.1895652796261136e-01,
       -1.4441897103804036e-01, -1.5301053209427107e-01,
       -9.7761492310241538e-01, -6.0437215361110841e-01,
       9.4997075355672267e-01, -2.9795234973884183e-01,
       -9.3701465687445085e-02, 5.2676942017088069e-01, 0., 0., 0., 1. ]
T2_6: !!opencv-matrix
   rows: 4
   cols: 4
   dt: d
   data: [ 9.9775325233869838e-01, 6.3329103501135298e-02,
       -2.1860285846543301e-02, -3.1634641338638609e-03,
       6.5165123199890540e-02, -9.9312979165832294e-01,
       9.7194257232818382e-02, 3.7881239927233683e-02,
       -1.5554875952355813e-02, -9.8400414483063386e-02,
       -9.9502532845333547e-01, 5.8477408915574303e-01, 0., 0., 0., 1. ]
T1_7: !!opencv-matrix
   rows: 4
   cols: 4
   dt: d
   data: [ -3.9600297339629209e-01, -8.9871045865948096e-01,
       1.8841750597373103e-01, 2.2085056732662994e-01,
       -1.6363791621626245e-01, -1.3283897398792510e-01,
       -9.7753590182981753e-01, -6.0392129779595205e-01,
       9.0355092686449900e-01, -4.1793937178244006e-01,
       -9.4458478054667894e-02, 5.2277154820040606e-01, 0., 0., 0., 1. ]
T2_7: !!opencv-matrix
   rows: 4
   cols: 4
   dt: d
   data: [ 9.9755663224359115e-01, -6.6578302102099640e-02,
       -2.1168258218997690e-02, -1.3410297600843240e-02,
       -6.4123819550350680e-02, -9.9283601771282215e-01,
       1.0082052220861981e-01, 5.3175255425627628e-02,
       -2.7729068377763316e-02, -9.9216791025240725e-02,
       -9.9467940922970510e-01, 5.8534029585453951e-01, 0., 0., 0., 1. ]
T1_8: !!opencv-matrix
   rows: 4
   cols: 4
   dt: d
   data: [ -1.3032719944089866e-01, -9.7351692036533910e-01,
       1.8782871678281332e-01, 2.1830030439707435e-01,
       -1.2868616727573984e-01, -1.7123272438407355e-01,
       -9.7679026635807975e-01, -6.0588349839159372e-01,
       9.8308427484004268e-01, -1.5147329752267880e-01,
       -1.0296187983828542e-01, 5.2938844955359232e-01, 0., 0., 0., 1. ]
T2_8: !!opencv-matrix
   rows: 4
   cols: 4
   dt: d
   data: [ 9.7648879527371402e-01, 2.1470745086892148e-01,
       -1.9244304255019641e-02, 1.1858688898118456e-02,
       2.1555573588705904e-01, -9.7157530275043413e-01,
       9.7862944016572473e-02, 2.4772070232721211e-02,
       2.3146125115340779e-03, -9.9710288470007014e-02,
       -9.9501381947295064e-01, 5.8098873200158296e-01, 0., 0., 0., 1. ]
T1_9: !!opencv-matrix
   rows: 4
   cols: 4
   dt: d
   data: [ -2.6095399451941947e-03, -9.8519318891059271e-01,
       1.7142803395434486e-01, 2.2588725966547199e-01,
       -1.8759227853894239e-01, -1.6790293723566807e-01,
       -9.6779013257017832e-01, -6.1798794011187830e-01,
       9.8224351732848958e-01, -3.4684062504453328e-02,
       -1.8437648568715281e-01, 5.0865291518128120e-01, 0., 0., 0., 1. ]
