%YAML:1.0
---
frameCount: 25
T1_0: !!opencv-matrix
   rows: 4
   cols: 4
   dt: d
   data: [ -2.7515731667614041e-01, -9.2169195866493481e-01,
       2.7344539566791431e-01, 1.1357869435821805e-01,
       -1.8594041172417236e-01, -2.2803498844889614e-01,
       -9.5573333484343681e-01, -6.4321583513947589e-01,
       9.4324684699575401e-01, -3.1382156932803051e-01,
       -1.0863428674714393e-01, 5.2432034630509028e-01, 0., 0., 0., 1. ]
T2_0: !!opencv-matrix
   rows: 4
   cols: 4
   dt: d
   data: [ 9.9686188819142107e-01, 5.6543443746937871e-02,
       5.5400494949702929e-02, -1.1061988785704104e-01,
       4.9987180910478046e-02, -9.9230070075526811e-01,
       1.1331637580344228e-01, 3.7969683149812417e-02,
       6.1381248081627725e-02, -1.1019146178284728e-01,
       -9.9201319756044626e-01, 5.5584637449523167e-01, 0., 0., 0., 1. ]
T1_1: !!opencv-matrix
   rows: 4
   cols: 4
   dt: d
   data: [ -4.0451928568323359e-01, -8.7266274372592778e-01,
       2.7353954599483804e-01, 1.1548184679440066e-01,
       -2.1694846391378347e-01, -1.9899753566321865e-01,
       -9.5568475179078582e-01, -6.4225081031969689e-01,
       8.8842417319418798e-01, -4.4593689745602089e-01,
       -1.0882450078691885e-01, 5.2040125665203651e-01, 0., 0., 0., 1. ]
T2_1: !!opencv-matrix
   rows: 4
   cols: 4
   dt: d
   data: [ 9.9391805309125614e-01, -8.8258626156222417e-02,
       6.5858322543956391e-02, -1.2204952416342341e-01,
       -9.5714892797735443e-02, -9.8811143581644634e-01,
       1.2030980718743919e-01, 5.4771682479219264e-02,
       5.4456983353887996e-02, -1.2588171160965742e-01,
       -9.9054945946490602e-01, 5.5588067863414925e-01, 0., 0., 0., 1. ]
T1_2: !!opencv-matrix
   rows: 4
   cols: 4
   dt: d
   data: [ -5.1057356453532454e-01, -8.1511016584627294e-01,
       2.7369700899307298e-01, 1.1767409699678889e-01,
       -2.4030563008050648e-01, -1.7035708986147269e-01,
       -9.5563155352130402e-01, -6.4135294220569561e-01,
       8.2557122003453065e-01, -5.5369114086103233e-01,
       -1.0889573537427821e-01, 5.1715622247862947e-01, 0., 0., 0., 1. ]
T2_2: !!opencv-matrix
   rows: 4
   cols: 4
   dt: d
   data: [ 9.7491260778409694e-01, -2.1220713569958033e-01,
       6.7182875361149599e-02, -1.2985637282553250e-01,
       -2.1935238767137410e-01, -9.6721090158740131e-01,
       1.2801406904459167e-01, 7.0606521066437014e-02,
       3.7814510528090400e-02, -1.3953925400641276e-01,
       -9.8949424424038701e-01, 5.5675296103452632e-01, 0., 0., 0., 1. ]
T1_3: !!opencv-matrix
   rows: 4
   cols: 4
   dt: d
   data: [ -4.2956535534598256e-01, -8.8892312310384258e-01,
       1.5902605666302200e-01, 4.0774152840694036e-02,
       -1.6724831022940384e-01, -9.4739922412808819e-02,
       -9.8135230668023832e-01, -6.5114599371980098e-01,
       8.8741287358922682e-01, -4.4815179159803220e-01,
       -1.0797390182625277e-01, 5.2062205948916696e-01, 0., 0., 0., 1. ]
T2_3: !!opencv-matrix
   rows: 4
   cols: 4
   dt: d
   data: [ 9.9317742790950314e-01, -1.0409287714046535e-01,
       -5.2566811009272310e-02, -2.0380052657798378e-01,
       -9.7508309889082531e-02, -9.8854180560027083e-01,
       1.1522685486956087e-01, 5.1383988549737546e-02,
       -6.3958785116973671e-02, -1.0931501044767906e-01,
       -9.9194732838855137e-01, 5.7116864898118747e-01, 0., 0., 0., 1. ]
T1_4: !!opencv-matrix
   rows: 4
   cols: 4
   dt: d
   data: [ -3.0159958707601597e-01, -9.4001645594644001e-01,
       1.5939495483066873e-01, 3.9077494177960560e-02,
       -1.5437259449085083e-01, -1.1682845907154005e-01,
       -9.8108114507472455e-01, -6.5201691635071002e-01,
       9.4085428794566250e-01, -3.2049988096856402e-01,
       -1.0987736415384308e-01, 5.2407806219252817e-01, 0., 0., 0., 1. ]
T2_4: !!opencv-matrix
   rows: 4
   cols: 4
   dt: d
   data: [ 9.9833512823521431e-01, 3.7385291987976098e-02,
       -4.3923930545345900e-02, -1.9278240761350660e-01,
       4.2068955864392403e-02, -9.9292286237655381e-01,
       1.1106030939282988e-01, 3.5634348799674982e-02,
       -3.9461052748987889e-02, -1.1272324211503615e-01,
       -9.9284253333699224e-01, 5.6831667374400374e-01, 0., 0., 0., 1. ]
T1_5: !!opencv-matrix
   rows: 4
   cols: 4
   dt: d
   data: [ -1.7453884046523727e-01, -9.7165887805436379e-01,
       1.5942151005176536e-01, 3.7988778642280334e-02,
       -1.4041842483623318e-01, -1.3568980917675455e-01,
       -9.8075019329699198e-01, -6.5307204184630607e-01,
       9.7458650674814984e-01, -1.9356471885059695e-01,
       -1.1275566717787544e-01, 5.2708545312468114e-01, 0., 0., 0., 1. ]
T2_5: !!opencv-matrix
   rows: 4
   cols: 4
   dt: d
   data: [ 9.8413462930137685e-01, 1.6995937310582321e-01,
       -5.0919965664925702e-02, -1.8027946952998367e-01,
       1.7474718911878812e-01, -9.7817283147347611e-01,
       1.1243367672652563e-01, 2.2717986933076969e-02,
       -3.0699369780569481e-02, -1.1954799563622109e-01,
       -9.9235367960946153e-01, 5.6665588909149178e-01, 0., 0., 0., 1. ]
T1_6: !!opencv-matrix
   rows: 4
   cols: 4
   dt: d
   data: [ -2.7694535235527290e-01, -9.4223785444723607e-01,
       1.8838550224335970e-01, 2.1895652796261136e-01,
       -1.4441897103804036e-01, -1.5301053209427107e-01,
       -9.7761492310241538e-01, -6.0437215361110841e-01,
       9.4997075355672267e-01, -2.9795234973884183e-01,
       -9.3701465687445085e-02, 5.2676942017088069e-01, 0., 0., 0., 1. ]
T2_6: !!opencv-matrix
   rows: 4
   cols: 4
   dt: d
   data: [ 9.9775325233869838e-01, 6.3329103501135298e-02,
       -2.1860285846543301e-02, -3.1634641338638609e-03,
       6.5165123199890540e-02, -9.9312979165832294e-01,
       9.7194257232818382e-02, 3.7881239927233683e-02,
       -1.5554875952355813e-02, -9.8400414483063386e-02,
       -9.9502532845333547e-01, 5.8477408915574303e-01, 0., 0., 0., 1. ]
T1_7: !!opencv-matrix
   rows: 4
   cols: 4
   dt: d
   data: [ -3.9600297339629209e-01, -8.9871045865948096e-01,
       1.8841750597373103e-01, 2.2085056732662994e-01,
       -1.6363791621626245e-01, -1.3283897398792510e-01,
       -9.7753590182981753e-01, -6.0392129779595205e-01,
       9.0355092686449900e-01, -4.1793937178244006e-01,
       -9.4458478054667894e-02, 5.2277154820040606e-01, 0., 0., 0., 1. ]
T2_7: !!opencv-matrix
   rows: 4
   cols: 4
   dt: d
   data: [ 9.9755663224359115e-01, -6.6578302102099640e-02,
       -2.1168258218997690e-02, -1.3410297600843240e-02,
       -6.4123819550350680e-02, -9.9283601771282215e-01,
       1.0082052220861981e-01, 5.3175255425627628e-02,
       -2.7729068377763316e-02, -9.9216791025240725e-02,
       -9.9467940922970510e-01, 5.8534029585453951e-01, 0., 0., 0., 1. ]
T1_8: !!opencv-matrix
   rows: 4
   cols: 4
   dt: d
   data: [ -1.3032719944089866e-01, -9.7351692036533910e-01,
       1.8782871678281332e-01, 2.1830030439707435e-01,
       -1.2868616727573984e-01, -1.7123272438407355e-01,
       -9.7679026635807975e-01, -6.0588349839159372e-01,
       9.8308427484004268e-01, -1.5147329752267880e-01,
       -1.0296187983828542e-01, 5.2938844955359232e-01, 0., 0., 0., 1. ]
T2_8: !!opencv-matrix
   rows: 4
   cols: 4
   dt: d
   data: [ 9.7648879527371402e-01, 2.1470745086892148e-01,
       -1.9244304255019641e-02, 1.1858688898118456e-02,
       2.1555573588705904e-01, -9.7157530275043413e-01,
       9.7862944016572473e-02, 2.4772070232721211e-02,
       2.3146125115340779e-03, -9.9710288470007014e-02,
       -9.9501381947295064e-01, 5.8098873200158296e-01, 0., 0., 0., 1. ]
T1_9: !!opencv-matrix
   rows: 4
   cols: 4
   dt: d
   data: [ -2.6095399451941947e-03, -9.8519318891059271e-01,
       1.7142803395434486e-01, 2.2588725966547199e-01,
       -1.8759227853894239e-01, -1.6790293723566807e-01,
       -9.6779013257017832e-01, -6.1798794011187830e-01,
       9.8224351732848958e-01, -3.4684062504453328e-02,
       -1.8437648568715281e-01, 5.0865291518128120e-01, 0., 0., 0., 1. ]
T2_9: !!opencv-matrix
   rows: 4
   cols: 4
   dt: d
   data: [ 9.4380635284916159e-01, 3.2883778126033569e-01,
       -3.3095043999705663e-02, 2.8986792868645462e-02,
       3.2942973501772876e-01, -9.2797606951206402e-01,
       1.7417366075009663e-01, 4.3273692751599237e-02,
       2.6563471303876530e-02, -1.7528869909015907e-01,
       -9.8415865284189197e-01, 5.5779503373597250e-01, 0., 0., 0., 1. ]
T1_10: !!opencv-matrix
   rows: 4
   cols: 4
   dt: d
   data: [ -2.2413148961409829e-01, -9.6089057464365579e-01,
       1.6264802158141961e-01, 1.6508899693783990e-01,
       -1.2095898737552341e-01, -1.3817520897505919e-01,
       -9.8299365969358443e-01, -5.4055409180379366e-01,
       9.6702326690543128e-01, -2.3999357321745785e-01,
       -8.5258935472262265e-02, 4.9895661531286417e-01, 0., 0., 0., 1. ]
T2_10: !!opencv-matrix
   rows: 4
   cols: 4
   dt: d
   data: [ 9.9098455203392344e-01, 1.2448678169458358e-01,
       -4.9524325471920171e-02, -4.1755741310559313e-02,
       1.2807046030509575e-01, -9.8874496979041371e-01,
       7.7339135703696549e-02, 5.9330977901809134e-02,
       -3.9339227589830474e-02, -8.2984491909506741e-02,
       -9.9577407039707388e-01, 6.6040267982163059e-01, 0., 0., 0., 1. ]
T1_11: !!opencv-matrix
   rows: 4
   cols: 4
   dt: d
   data: [ -6.0014931233369539e-02, -9.8523053095838053e-01,
       1.6037147157933640e-01, 1.6576256421226632e-01,
       -1.2778517947438195e-01, -1.5175610109032567e-01,
       -9.8012296865677173e-01, -5.4341585653256708e-01,
       9.8998442206721327e-01, -7.9315109842518550e-02,
       -1.1679022825097685e-01, 4.9862298670272942e-01, 0., 0., 0., 1. ]
T2_11: !!opencv-matrix
   rows: 4
   cols: 4
   dt: d
   data: [ 9.5761043230006504e-01, 2.8442836856186948e-01,
       -4.5637299518223012e-02, -2.3913279550243440e-02,
       2.8780541016071237e-01, -9.5140241210881493e-01,
       1.0955134009108665e-01, 5.0714519006310563e-02,
       -1.2259927907895526e-02, -1.1804216785014639e-01,
       -9.9293289842613797e-01, 6.5251308260365548e-01, 0., 0., 0., 1. ]
T1_12: !!opencv-matrix
   rows: 4
   cols: 4
   dt: d
   data: [ 1.2871228496696219e-01, -9.7953316606967267e-01,
       1.5475116887476753e-01, 1.6830623734044795e-01,
       -1.5186051853781474e-01, -1.7367744951084829e-01,
       -9.7302339460098941e-01, -5.4776197854950959e-01,
       9.7998547469235975e-01, 1.0173947169574821e-01,
       -1.7110683589810322e-01, 4.9560756900334030e-01, 0., 0., 0., 1. ]
T2_12: !!opencv-matrix
   rows: 4
   cols: 4
   dt: d
   data: [ 8.8870987423868608e-01, 4.5609273927231581e-01,
       -4.6628023909834435e-02, -8.3868124563559062e-04,
       4.5751339772597571e-01, -8.7569038704239166e-01,
       1.5442744879968626e-01, 4.8627676801204535e-02,
       2.9601525837259352e-02, -1.5857414425000652e-01,
       -9.8690323256309398e-01, 6.3968616616040552e-01, 0., 0., 0., 1. ]
T1_13: !!opencv-matrix
   rows: 4
   cols: 4
   dt: d
   data: [ 2.6248041600953265e-01, -9.5370138505274116e-01,
       1.4682540434116176e-01, 1.7138848925674030e-01,
       -1.8391874874573072e-01, -1.9881774696647353e-01,
       -9.6262422437365447e-01, -5.5184176352605985e-01,
       9.4724755215902634e-01, 2.2566606222393831e-01,
       -2.2758933034980849e-01, 4.9027113933820560e-01, 0., 0., 0., 1. ]
T2_13: !!opencv-matrix
   rows: 4
   cols: 4
   dt: d
   data: [ 8.2161581853055543e-01, 5.6731220016379547e-01,
       -5.5716373586942113e-02, 1.7072284088481850e-02,
       5.6530204434460940e-01, -7.9830552193707860e-01,
       2.0770626448081411e-01, 5.4260279880656639e-02,
       7.3355609193648724e-02, -2.0215133239749442e-01,
       -9.7660319137802654e-01, 6.2731636882341957e-01, 0., 0., 0., 1. ]
T1_14: !!opencv-matrix
   rows: 4
   cols: 4
   dt: d
   data: [ 1.5848377951301174e-01, -9.6246995952707803e-01,
       2.2030539857029374e-01, 2.4455414215242657e-01,
       -2.7643798272901143e-02, -2.2736319296872831e-01,
       -9.7341758711259774e-01, -5.0094380732047727e-01,
       9.8697452451839818e-01, 1.4818082025353252e-01,
       -6.2639703548724168e-02, 5.1339457668958399e-01, 0., 0., 0., 1. ]
T2_14: !!opencv-matrix
   rows: 4
   cols: 4
   dt: d
   data: [ 8.6540278722218733e-01, 5.0106509538614408e-01,
       3.4330822512446870e-03, 9.1748469329921381e-02,
       5.0035054517008837e-01, -8.6449686536490644e-01,
       4.7900957425152040e-02, 2.7160888910283773e-02,
       2.6969386646062354e-02, -3.9735877490313869e-02,
       -9.9884619047379364e-01, 6.8523080223854127e-01, 0., 0., 0., 1. ]
T1_15: !!opencv-matrix
   rows: 4
   cols: 4
   dt: d
   data: [ -1.9144879184279984e-02, -9.6798530131255667e-01,
       2.5027570805785049e-01, 2.5884268849643793e-01,
       -6.9899454171392095e-02, -2.4841323711854996e-01,
       -9.6612883712827058e-01, -4.9372141895674099e-01,
       9.9737031232514683e-01, -3.5990555248872125e-02,
       -6.2905802795267585e-02, 5.0751280700925205e-01, 0., 0., 0., 1. ]
T2_15: !!opencv-matrix
   rows: 4
   cols: 4
   dt: d
   data: [ 9.4219043792741952e-01, 3.3216125491095927e-01,
       4.4114390102488549e-02, 8.6270198194554393e-02,
       3.2960164211400933e-01, -9.4242977928655580e-01,
       5.6470068440211671e-02, 4.1069081615448706e-02,
       6.0331883725657773e-02, -3.8665383094836150e-02,
       -9.9742922152714331e-01, 6.8765275654793800e-01, 0., 0., 0., 1. ]
T1_16: !!opencv-matrix
   rows: 4
   cols: 4
   dt: d
   data: [ -6.6003676757382390e-03, -9.8146259814208225e-01,
       1.9154008351971330e-01, 3.0520399321789676e-01,
       -6.1992121658902222e-02, -1.9077422767361685e-01,
       -9.7967452294512736e-01, -4.5543256200818610e-01,
       9.9805481412534303e-01, -1.8340188214101605e-02,
       -5.9583768741985343e-02, 5.0206638754856991e-01, 0., 0., 0., 1. ]
T2_16: !!opencv-matrix
   rows: 4
   cols: 4
   dt: d
   data: [ 9.3804091417587554e-01, 3.4602379233931646e-01,
       -1.8621988809082911e-02, 1.3697274656828759e-01,
       3.4652044032276141e-01, -9.3693519873624864e-01,
       4.5563338415723541e-02, 4.7598860796365723e-02,
       -1.6815976354539759e-03, -4.9193175382199035e-02,
       -9.9878786722967783e-01, 7.2041026351776749e-01, 0., 0., 0., 1. ]
T1_17: !!opencv-matrix
   rows: 4
   cols: 4
   dt: d
   data: [ -1.1018624901207252e-01, -9.7940613703955171e-01,
       1.6918217771949928e-01, 3.2445747939917918e-01,
       -7.5690706279438247e-02, -1.6145562642153244e-01,
       -9.8397306755812708e-01, -4.3581012800184582e-01,
       9.9102467553112383e-01, -1.2122581996461507e-01,
       -5.6341752389656774e-02, 4.9645430395539325e-01, 0., 0., 0., 1. ]
T2_17: !!opencv-matrix
   rows: 4
   cols: 4
   dt: d
   data: [ 9.6888466118726857e-01, 2.4410635202522840e-01,
       -4.0921903877585666e-02, 1.4628402878323285e-01,
       2.4592180616374759e-01, -9.6812410578024355e-01,
       4.7520322603742379e-02, 5.9694506770803249e-02,
       -2.8017469000451153e-02, -5.6105300178671783e-02,
       -9.9803167120220682e-01, 7.3928040516534210e-01, 0., 0., 0., 1. ]
T1_18: !!opencv-matrix
   rows: 4
   cols: 4
   dt: d
   data: [ -2.5566563041959495e-01, -9.5184431398352776e-01,
       1.6919659381730667e-01, 3.2574996561839997e-01,
       -9.9132245110024331e-02, -1.4827921565294555e-01,
       -9.8396446693200934e-01, -4.3533604553173855e-01,
       9.6166932123344628e-01, -2.6833873395873131e-01,
       -5.6448564692364589e-02, 4.9197271760728506e-01, 0., 0., 0., 1. ]
T2_18: !!opencv-matrix
   rows: 4
   cols: 4
   dt: d
   data: [ 9.9423765685358090e-01, 9.5948700985960714e-02,
       -4.7805109281414140e-02, 1.3118008481560717e-01,
       9.8439515922561047e-02, -9.9374135694937937e-01,
       5.2799405236593114e-02, 7.4472332543536746e-02,
       -4.2439879821143417e-02, -5.7201068761980556e-02,
       -9.9746022193030537e-01, 7.4016630003642581e-01, 0., 0., 0., 1. ]
T1_19: !!opencv-matrix
   rows: 4
   cols: 4
   dt: d
   data: [ -2.9313057824422079e-01, -9.4135378318874219e-01,
       1.6711528647748314e-01, -3.8063810723105676e-02,
       -1.1432993138660397e-01, -1.3902549699725075e-01,
       -9.8366690397400380e-01, -5.9982917889154785e-01,
       9.4921184721185559e-01, -3.0744912759822546e-01,
       -6.6872289116994721e-02, 4.9852714592698449e-01, 0., 0., 0., 1. ]
T2_19: !!opencv-matrix
   rows: 4
   cols: 4
   dt: d
   data: [ 9.9751444322073157e-01, 5.2923182932119783e-02,
       -4.6519590221404575e-02, -2.5936653787456343e-01,
       5.5949409277316328e-02, -9.9622610334893047e-01,
       6.6356722400412960e-02, 5.5552535879998317e-02,
       -4.2832221137285950e-02, -6.8794532591910984e-02,
       -9.9671094762619472e-01, 6.3805896857387634e-01, 0., 0., 0., 1. ]
T1_20: !!opencv-matrix
   rows: 4
   cols: 4
   dt: d
   data: [ -1.3022628693375948e-01, -9.7725059990120766e-01,
       1.6739886255341024e-01, -3.9489417735351078e-02,
       -8.9247386497071646e-02, -1.5659733851164859e-01,
       -9.8362196883483144e-01, -6.0044973910216826e-01,
       9.8745937546558760e-01, -1.4303334773330845e-01,
       -6.6823972055797376e-02, 5.0358598888516493e-01, 0., 0., 0., 1. ]
T2_20: !!opencv-matrix
   rows: 4
   cols: 4
   dt: d
   data: [ 9.7382578575149870e-01, 2.2352992573771147e-01,
       -4.1203292406905720e-02, -2.4275764171822589e-01,
       2.2574537773520248e-01, -9.7229584627722365e-01,
       6.0661451872240348e-02, 3.8164131231344024e-02,
       -2.6502140228036656e-02, -6.8375138842642125e-02,
       -9.9730761400461732e-01, 6.3656742857092263e-01, 0., 0., 0., 1. ]
T1_21: !!opencv-matrix
   rows: 4
   cols: 4
   dt: d
   data: [ -1.0085013016285505e-03, -9.8583935077472518e-01,
       1.6768946713849719e-01, -3.9947940237320269e-02,
       -6.8233959612588324e-02, -1.6723088627218008e-01,
       -9.8355373896509035e-01, -6.0086877457933929e-01,
       9.9766883768147863e-01, -1.2434031554152625e-02,
       -6.7099069878784778e-02, 5.0753874426682710e-01, 0., 0., 0., 1. ]
T2_21: !!opencv-matrix
   rows: 4
   cols: 4
   dt: d
   data: [ 9.3589819421040221e-01, 3.5014524728568674e-01,
       -3.8637751965567860e-02, -2.2793073819027276e-01,
       3.5186150474911404e-01, -9.3445575664402014e-01,
       5.4643575565120742e-02, 2.7033182645479169e-02,
       -1.6972081469185371e-02, -6.4735961243323939e-02,
       -9.9775808880334627e-01, 6.3561570605769391e-01, 0., 0., 0., 1. ]
T1_22: !!opencv-matrix
   rows: 4
   cols: 4
   dt: d
   data: [ -5.0049037902171789e-01, -8.4128178052653169e-01,
       2.0433880263133003e-01, -1.6271577365843937e-02,
       -1.6314293460103768e-01, -1.4014956348234253e-01,
       -9.7659740054204036e-01, -5.9956022836907974e-01,
       8.5023159397687564e-01, -5.2211403506304754e-01,
       -6.7105670354478453e-02, 4.9223208940666935e-01, 0., 0., 0., 1. ]
T2_22: !!opencv-matrix
   rows: 4
   cols: 4
   dt: d
   data: [ 9.8288502255410837e-01, -1.8388469699532345e-01,
       -1.1110834790773169e-02, -2.5726676888954836e-01,
       -1.8258174604406341e-01, -9.8039634307417711e-01,
       7.4073723399608257e-02, 8.4602999730370665e-02,
       -2.4514045980027717e-02, -7.0777317678184251e-02,
       -9.9719087082261770e-01, 6.3207129481700186e-01, 0., 0., 0., 1. ]
T1_23: !!opencv-matrix
   rows: 4
   cols: 4
   dt: d
   data: [ -6.2104219278536688e-01, -7.5666635153059736e-01,
       2.0435906449609070e-01, -1.3299516260000791e-02,
       -1.8247585385680348e-01, -1.1398411880510761e-01,
       -9.7658086373809994e-01, -5.9873439154855768e-01,
       7.6223956702573070e-01, -6.4378851583543906e-01,
       -6.7284391494826234e-02, 4.8868992944338557e-01, 0., 0., 0., 1. ]
T2_23: !!opencv-matrix
   rows: 4
   cols: 4
   dt: d
   data: [ 9.4378007401208186e-01, -3.3021764049966956e-01,
       -1.5345416272643452e-02, -2.6476855954517248e-01,
       -3.2788200071359858e-01, -9.4099746312774135e-01,
       8.3768538218133182e-02, 1.0441544181489910e-01,
       -4.2101846821694981e-02, -7.4027591410136290e-02,
       -9.9636707603383634e-01, 6.3356324001968867e-01, 0., 0., 0., 1. ]
T1_24: !!opencv-matrix
   rows: 4
   cols: 4
   dt: d
   data: [ -4.7414642673442170e-01, -8.5639956173111931e-01,
       2.0436476379681062e-01, -1.6747369860113371e-02,
       -1.5990573299210986e-01, -1.4449264419018526e-01,
       -9.7649988854642689e-01, -5.9982121948437728e-01,
       8.6580328168195075e-01, -4.9568303021353771e-01,
       -6.8432528720551944e-02, 4.9279806225447825e-01, 0., 0., 0., 1. ]
T2_24: !!opencv-matrix
   rows: 4
   cols: 4
   dt: d
   data: [ 9.8825967682600957e-01, -1.5248745972668570e-01,
       -9.5071439377165997e-03, -2.5531953164157473e-01,
       -1.5131227545736969e-01, -9.8546109990719055e-01,
       7.7272348648291980e-02, 8.0991549385069209e-02,
       -2.1151984674331027e-02, -7.4926598720431184e-02,
       -9.9696469262884346e-01, 6.3174492791399095e-01, 0., 0., 0., 1. ]
T1_25: !!opencv-matrix
   rows: 4
   cols: 4
   dt: d
   data: [ -4.5227811546403246e-01, -8.1524217598252846e-01,
       3.6169697368318687e-01, -5.3504497253264267e-03,
       -2.3736471773494461e-01, -2.8089268715550031e-01,
       -9.2992327053212986e-01, -5.9659841350021547e-01,
       8.5971070543928552e-01, -5.0643804438631479e-01,
       -6.6468113793396455e-02, 4.9318518278465961e-01, 0., 0., 0., 1. ]
T2_25: !!opencv-matrix
   rows: 4
   cols: 4
   dt: d
   data: [ 9.7614832596478551e-01, -1.4868444907789025e-01,
       1.5820044348405277e-01, -2.3522983182690343e-01,
       -1.6322955577862663e-01, -9.8307007497895926e-01,
       8.3242656139599691e-02, 8.2445434673639711e-02,
       1.4314523336967572e-01, -1.0708016755341618e-01,
       -9.8389190457096121e-01, 6.1682621737862819e-01, 0., 0., 0., 1. ]
T1_26: !!opencv-matrix
   rows: 4
   cols: 4
   dt: d
   data: [ -3.1973570691363662e-01, -8.7573886418558333e-01,
       3.6173266299766382e-01, -7.5290218321530360e-03,
       -1.9143039054072342e-01, -3.1419510853038557e-01,
       -9.2985796730092352e-01, -5.9794228505250369e-01,
       9.2796739344756252e-01, -3.6655541945321674e-01,
       -6.7183637647966199e-02, 4.9698484903764534e-01, 0., 0., 0., 1. ]
T2_26: !!opencv-matrix
   rows: 4
   cols: 4
   dt: d
   data: [ 9.8683398931227739e-01, 6.1273816689008196e-03,
       1.6162033514350269e-01, -2.2395261351945542e-01,
       -7.0646256186285283e-03, -9.9669534769198564e-01,
       8.0922647967181183e-02, 6.4019807141268509e-02,
       1.6158208007970168e-01, -8.0999006679312646e-02,
       -9.8352955843435708e-01, 6.1719879004681044e-01, 0., 0., 0., 1. ]
T1_27: !!opencv-matrix
   rows: 4
   cols: 4
   dt: d
   data: [ -2.1168507094085287e-01, -9.1871256465996098e-01,
       3.3340164108276849e-01, -3.3729574065518179e-02,
       -1.4681376363360027e-01, -3.0737008077865768e-01,
       -9.4019644343608255e-01, -5.9866260042830788e-01,
       9.6624797518468486e-01, -2.4797350055608464e-01,
       -6.9813991960480437e-02, 4.9881361499204213e-01, 0., 0., 0., 1. ]
T2_27: !!opencv-matrix
   rows: 4
   cols: 4
   dt: d
   data: [ 9.8310791817027376e-01, 1.2784620443640876e-01,
       1.3097392581012032e-01, -2.3934740718169076e-01,
       1.1879620323638833e-01, -9.9010049251972132e-01,
       7.4756115527922162e-02, 5.1035647077956749e-02,
       1.3923463408049611e-01, -5.7934123997945314e-02,
       -9.8856327766565411e-01, 6.2460129645988682e-01, 0., 0., 0., 1. ]
T1_28: !!opencv-matrix
   rows: 4
   cols: 4
   dt: d
   data: [ -2.4245479909786527e-01, -8.7616254559447748e-01,
       4.1659916477570963e-01, -2.6758240660773213e-02,
       -2.0745943124415051e-01, -3.7265578427019930e-01,
       -9.0448231095904585e-01, -4.1843474281055376e-01,
       9.4772161249085540e-01, -3.0572350277230526e-01,
       -9.1416000078568871e-02, 5.1836212181363872e-01, 0., 0., 0., 1. ]
T2_28: !!opencv-matrix
   rows: 4
   cols: 4
   dt: d
   data: [ -9.5379544463873089e-01, 1.8503964964836248e-01,
       -2.3671623908050107e-01, 2.4251108246646208e-01,
       2.2418799170325035e-01, -8.6232737383755365e-02,
       -9.7072326611623350e-01, 3.8432144696606073e-02,
       -2.0003498234676112e-01, -9.7894036746949809e-01,
       4.0764724655215079e-02, -1.0539960696627098e+00, 0., 0., 0., 1. ]
T1_29: !!opencv-matrix
   rows: 4
   cols: 4
   dt: d
   data: [ -1.4110299171236274e-01, -8.9807669545686508e-01,
       4.1659116026039017e-01, -2.7726702002951041e-02,
       -1.6349487798393469e-01, -3.9388409190440865e-01,
       -9.0450248591015914e-01, -4.1921354379975356e-01,
       9.7640123443328308e-01, -1.9573852768915084e-01,
       -9.1252715988316191e-02, 5.2174490429140241e-01, 0., 0., 0., 1. ]
T2_29: !!opencv-matrix
   rows: 4
   cols: 4
   dt: d
   data: [ 9.5969794494930460e-01, 1.8856436824015071e-01,
       2.0838266120354981e-01, -1.9081995128891721e-01,
       1.7312321008616077e-01, -9.8076333385260228e-01,
       9.0175590376732118e-02, 2.8388093459621993e-02,
       2.2137797674914195e-01, -5.0465453535284727e-02,
       -9.7388142471757544e-01, 7.9873412307945868e-01, 0., 0., 0., 1. ]
T1_30: !!opencv-matrix
   rows: 4
   cols: 4
   dt: d
   data: [ -1.9339205144943206e-01, -8.8860632990635424e-01,
       4.1590660596645923e-01, 3.5140470669789182e-02,
       -1.8381376230884777e-01, -3.8358762834304133e-01,
       -9.0502653672034783e-01, -4.2429000413328377e-01,
       9.6374893785780469e-01, -2.5147429656432108e-01,
       -8.9155274355661174e-02, 5.2042808537585916e-01, 0., 0., 0., 1. ]
T2_30: !!opencv-matrix
   rows: 4
   cols: 4
   dt: d
   data: [ 9.6700532858111921e-01, 1.3243366608558743e-01,
       2.1762816587669065e-01, -1.3576020609303355e-01,
       1.1474334108759476e-01, -9.8912005291798089e-01,
       9.2062405962404559e-02, 3.6126135850002607e-02,
       2.2745254487865624e-01, -6.4053454260186660e-02,
       -9.7168024309726553e-01, 7.8099795921217918e-01, 0., 0., 0., 1. ]
T1_31: !!opencv-matrix
   rows: 4
   cols: 4
   dt: d
   data: [ -3.0558206200416838e-01, -8.9292491706786226e-01,
       3.3061260692936678e-01, 2.3638993505985018e-02,
       -1.9589306655298377e-01, -2.8083671206695449e-01,
       -9.3955130122409525e-01, -4.2591996951283989e-01,
       9.3179692522445523e-01, -3.5187474139922825e-01,
       -8.9099138646101528e-02, 5.1730247348940417e-01, 0., 0., 0., 1. ]
T2_31: !!opencv-matrix
   rows: 4
   cols: 4
   dt: d
   data: [ 9.9129333708316814e-01, 2.3029269755442845e-02,
       1.2964247987850264e-01, -1.6393913930686166e-01,
       8.3450880153571553e-03, -9.9359521107261650e-01,
       1.1268946729654342e-01, 4.6991637805468965e-02,
       1.3140730329982753e-01, -1.1062644018539977e-01,
       -9.8513649377706713e-01, 7.8718166391664779e-01, 0., 0., 0., 1. ]
T1_32: !!opencv-matrix
   rows: 4
   cols: 4
   dt: d
   data: [ -1.9208147294516298e-01, -9.3919355252083481e-01,
       2.8464043749002133e-01, -3.7616805874394185e-02,
       -1.4611880670112393e-01, -2.5943847680772691e-01,
       -9.5464180249972608e-01, -4.2412715997925116e-01,
       9.7044010741490694e-01, -2.2496032462410048e-01,
       -8.7400516391856087e-02, 5.2242992794965093e-01, 0., 0., 0., 1. ]
T2_32: !!opencv-matrix
   rows: 4
   cols: 4
   dt: d
   data: [ -9.7497516940383533e-01, 1.6267278536623309e-01,
       -1.5152882216645835e-01, 2.5492123924472793e-01,
       1.4186605125045137e-01, -6.9525649724161753e-02,
       -9.8744124257245691e-01, 5.1609938507806971e-02,
       -1.7116495712781576e-01, -9.8422748840480201e-01,
       4.4708036411906793e-02, -1.0653331407940425e+00, 0., 0., 0., 1. ]
T1_33: !!opencv-matrix
   rows: 4
   cols: 4
   dt: d
   data: [ -3.4705081711904889e-01, -9.1250636677993158e-01,
       2.1653604993877923e-01, 7.3177244881622014e-02,
       -1.2956887629558844e-01, -1.8202083658038670e-01,
       -9.7472063759113792e-01, -3.9443655815138923e-01,
       9.2885286059337679e-01, -3.6633392640685786e-01,
       -5.5061944488329684e-02, 5.1800011744239138e-01, 0., 0., 0., 1. ]
T2_33: !!opencv-matrix
   rows: 4
   cols: 4
   dt: d
   data: [ 9.9990849726257514e-01, -5.7119696537683978e-03,
       -1.2262565179152430e-02, -1.1796658606619564e-01,
       -4.7403147388611882e-03, -9.9695351738789906e-01,
       7.7853796208486564e-02, 4.8098640239793017e-02,
       -1.2669906008927931e-02, -7.7788543954559586e-02,
       -9.9688936994591049e-01, 8.2431140375500800e-01, 0., 0., 0., 1. ]
T1_34: !!opencv-matrix
   rows: 4
   cols: 4
   dt: d
   data: [ -3.0090785538252351e-01, -9.2710319776757388e-01,
       2.2345944432542814e-01, 7.7542298666934781e-02,
       -1.8717400992888700e-01, -1.7234672311619226e-01,
       -9.6708970475248646e-01, -3.9765904467700786e-01,
       9.3510446078298193e-01, -3.3283068927045978e-01,
       -1.2166914030895171e-01, 5.1059217440733762e-01, 0., 0., 0., 1. ]
T2_34: !!opencv-matrix
   rows: 4
   cols: 4
   dt: d
   data: [ 9.9926520556510245e-01, 3.1247833173497903e-02,
       2.2195086593572458e-02, -1.1068481954512301e-01,
       2.8682406680084729e-02, -9.9376365221528629e-01,
       1.0775492138539983e-01, 5.6168712947226293e-02,
       2.5423778121537462e-02, -1.0703913516885641e-01,
       -9.9392970327298802e-01, 8.1121696675481880e-01, 0., 0., 0., 1. ]
T1_35: !!opencv-matrix
   rows: 4
   cols: 4
   dt: d
   data: [ -1.6560505882093957e-01, -9.6060946927043200e-01,
       2.2316902123926741e-01, 7.6295844270096488e-02,
       -1.6304900605064720e-01, -1.9650985267512888e-01,
       -9.6684998806820888e-01, -3.9868271752776319e-01,
       9.7262016538770646e-01, -1.9650273623941877e-01,
       -1.2408339345622443e-01, 5.1411930351006652e-01, 0., 0., 0., 1. ]
T2_35: !!opencv-matrix
   rows: 4
   cols: 4
   dt: d
   data: [ 9.8464025194112037e-01, 1.7437183428176270e-01,
       8.8338930568890896e-03, -9.7240404283265303e-02,
       1.7215385382653750e-01, -9.7805920844786842e-01,
       1.1731681628394167e-01, 4.1664324376427107e-02,
       2.9096818898261542e-02, -1.1399407080871551e-01,
       -9.9305524868984973e-01, 8.1072168299480241e-01, 0., 0., 0., 1. ]
T1_36: !!opencv-matrix
   rows: 4
   cols: 4
   dt: d
   data: [ -1.8256463303030113e-01, -9.2331461765433842e-01,
       3.3787611870674483e-01, 1.3670182365294417e-01,
       -2.1516766194449455e-01, -2.9780109859787784e-01,
       -9.3006310695954220e-01, -3.9153930619597849e-01,
       9.5936074133761140e-01, -2.4249664430610135e-01,
       -1.4429949923831675e-01, 5.0352558068314801e-01, 0., 0., 0., 1. ]
T2_36: !!opencv-matrix
   rows: 4
   cols: 4
   dt: d
   data: [ 9.8043434063260748e-01, 1.4436955643246188e-01,
       1.3381305946655198e-01, -3.4370593552943973e-02,
       1.2466657217366015e-01, -9.8147470987223695e-01,
       1.4548415605720755e-01, 5.9478479371885211e-02,
       1.5233761679498059e-01, -1.2595564718067442e-01,
       -9.8026956774783292e-01, 7.9667539437428880e-01, 0., 0., 0., 1. ]
T1_37: !!opencv-matrix
   rows: 4
   cols: 4
   dt: d
   data: [ -2.4019580444046840e-01, -9.6344676594422873e-01,
       1.1864360379220956e-01, 8.1037345588178655e-02,
       -1.1049114344487632e-01, -9.4292464225714356e-02,
       -9.8939407639751220e-01, -3.7987846855478846e-01,
       9.6441572091574690e-01, -2.5075737353435673e-01,
       -8.3803680520076473e-02, 5.2459234663041454e-01, 0., 0., 0., 1. ]
T2_37: !!opencv-matrix
   rows: 4
   cols: 4
   dt: d
   data: [ 4.8065417438214586e-01, -6.0535839734990915e-01,
       6.3443894537375878e-01, 3.0762080679849625e-02,
       3.9380810617546697e-01, -4.9742178370771606e-01,
       -7.7297266743625959e-01, 2.5313716155708852e-02,
       7.8350924701595581e-01, 6.2137973884814079e-01,
       -6.9281274994292819e-04, -8.5312879026344796e-02, 0., 0., 0., 1. ]
T1_38: !!opencv-matrix
   rows: 4
   cols: 4
   dt: d
   data: [ -3.3415233498015634e-01, -9.2629016913452245e-01,
       1.7415148461051605e-01, 4.0831409236593071e-02,
       -3.5827208786436027e-02, -1.7215567977909085e-01,
       -9.8441801742469748e-01, -3.3499422671887580e-01,
       9.4183789907705573e-01, -3.3518494071860760e-01,
       2.4339831091873432e-02, 5.6482059550820796e-01, 0., 0., 0., 1. ]
T2_38: !!opencv-matrix
   rows: 4
   cols: 4
   dt: d
   data: [ 9.9909987969444181e-01, 2.3879753497178829e-02,
       -3.5059774207288334e-02, -1.3696915323381034e-01,
       2.3182904746618362e-02, -9.9952815722114563e-01,
       -2.0149834977242858e-02, -5.0086391153701523e-03,
       -3.5524404598265745e-02, 1.9318910295740680e-02,
       -9.9918206368155149e-01, 9.0103879574266987e-01, 0., 0., 0., 1. ]
T1_39: !!opencv-matrix
   rows: 4
   cols: 4
   dt: d
   data: [ -1.9787963995983232e-01, -9.6449968403443709e-01,
       1.7488283960079637e-01, 3.9504562824363230e-02,
       -1.2102579906598965e-02, -1.7599310855105499e-01,
       -9.8431699838118236e-01, -3.3526672297306959e-01,
       9.8015160850195571e-01, -1.9689282678657277e-01,
       2.3152518459578109e-02, 5.6883219823907138e-01, 0., 0., 0., 1. ]
T2_39: !!opencv-matrix
   rows: 4
   cols: 4
   dt: d
   data: [ 9.8525296864813039e-01, 1.6790602704062585e-01,
       -3.2926491666705610e-02, -1.2349242190215544e-01,
       1.6713320798053899e-01, -9.8561769928239673e-01,
       -2.4984828424641260e-02, -2.0092919897187641e-02,
       -3.6648036239052606e-02, 1.9113266196741009e-02,
       -9.9914543710868919e-01, 9.0140722623730840e-01, 0., 0., 0., 1. ]
